1;1417925635;1417925640;
2;1417925640;1417925675;
3;1417925675;1417925684;
4;1417925684;1417925687;
5;1417925687;1417925690;
6;1417925690;1417925688;
7;1417925688;504928323;
8;504928323;504928324;
9;504928324;504928325;
10;504928325;504928326;
11;504928326;504928327;
12;504928327;1222196533;
13;1222196533;504928328;
14;504928328;504941364;
15;504941364;504928329;
16;504928329;504928330;
17;504928330;504928331;
18;504928331;504928332;
20;504928332;504928333;
21;504928333;504928334;
22;504928334;504928335;
23;504928335;504928336;
24;504928336;504928337;
25;504928337;504928338;
26;504928338;504928321;
27;504941473;504941506;
28;504941506;1222196528;
29;1222196528;1222196519;
30;1222196519;1222196535;
31;1222196535;504941509;
32;504941509;504941514;
33;504941514;504941517;
34;504941517;504941520;
35;504941520;504941527;
36;504941527;504941531;
37;504941531;504941534;
38;504941534;504941545;
39;504941545;504941549;
40;504941549;504941552;
41;504941552;504941557;
42;504941557;504941562;
43;504941562;504941569;
44;504941569;504941573;
45;504941573;504941576;
46;504941576;504941579;
47;504941579;504941585;
48;504941585;504941610;
49;504941610;504941617;
50;504941617;504941623;
51;504941623;504941628;
52;504941628;504941637;
53;504941637;504941642;
54;504941382;504941386;
56;504941386;504941392;
57;504941392;504941396;
58;504941396;504941408;
59;504941408;504941412;
60;504941412;504941418;
61;504941418;1222196527;
62;1222196527;504941422;
63;504941422;504941428;
64;504941428;504941434;
65;504941434;504941437;
66;504941437;1222196529;
67;1222196529;504941438;
68;504941438;1222196531;
69;1222196531;504941439;
70;504941439;504941445;
71;504941445;1222196526;
72;1222196526;504941449;
73;504928325;504941473;
74;504941473;504941476;
75;504941476;504941479;
76;504941479;504941449;
78;504941642;504947682;
79;504947682;504947685;
80;504947685;504947688;
81;504947688;1222196530;
82;1222196530;504947690;
83;504947690;504947693;
84;504947693;504947695;
85;504947695;504947697;
86;504947697;504947701;
87;504947701;504947714;
88;504947714;504947716;
89;504947716;504947722;
90;504947722;504947724;
91;504947724;504947728;
92;504947728;504947731;
93;504947731;504947733;
94;504947733;504947738;
95;504947738;504947741;
96;504947741;504947748;
97;504947748;504947751;
98;504947751;504947753;
99;504947753;504947757;
100;504947757;504947760;
101;504947760;504941382;
102;1417925306;1417925310;
103;1417925310;1417925324;
104;1417925324;1417925329;
105;1417925292;1417925312;
106;1417925312;1417925326;
107;1417925326;1417925329;
108;1417925334;1417925338;
109;1417925338;1417925344;
110;1417925344;1417925341;
111;1417925341;1417925332;
112;1417925332;1417925329;
113;504941562;1417925606;
114;1417925606;1417925599;
115;1417925599;1417925553;
116;1417925553;1417925542;
117;1417925542;1417925528;
118;1417925528;1417925524;
119;1417925504;1417925494;
120;1417925494;1417925490;
121;1417925490;1417925484;
122;1417925484;1417925481;
123;1417925481;1417925477;
124;1417925477;1417925474;
125;1417925320;1417925315;
126;1417925315;1417925303;
127;1417925303;1417925296;
128;1417925296;1417925295;
129;1417925295;1417925291;
130;1417925291;1417925292;
131;275222965;275222966;
132;275222966;297319952;
133;297319952;275222968;
134;275222968;276949524;
135;276949524;276949525;
136;276949525;504928321;
137;504928321;276949526;
138;276949526;276949527;
139;276949527;276949528;
140;276949528;276949529;
141;276949529;276949530;
142;276949530;276949531;
143;276949531;276949532;
144;276949532;276949533;
145;276949533;276949535;
146;276949535;276949536;
147;276949536;276949537;
148;276949537;276949538;
149;276949538;276949539;
150;276949539;276949540;
151;276949540;276949541;
152;276949541;276949542;
153;276949542;2429913800;
154;2429913800;276949543;
155;276949543;276949544;
156;276949544;276949545;
157;276949545;276949546;
158;276949546;276949547;
159;276949547;1417925263;
160;1417925263;276949548;
161;276949548;276949549;
162;276949549;1374337013;
163;1374337013;276949620;
164;276949620;276949621;
165;276949621;276949622;
166;276949622;1214431056;
167;1214431056;276949624;
168;276949624;276949625;
169;276949625;276949626;
170;276949626;276949627;
171;276949627;276949628;
172;276949628;276949629;
173;276949629;276949630;
174;276949630;276949631;
175;276949631;276949632;
176;276949632;276949633;
177;276949633;276949634;
178;276949634;3966619006;
179;3966619006;1417924692;
180;1417924692;276949635;
181;276949635;276949636;
182;276949636;276949637;
183;276949637;3139854274;
184;3139854274;1417924532;
185;1417924532;276950093;
186;276950093;276950094;
187;276950094;276950095;
188;276950095;276950098;
189;276950098;276950099;
190;276950099;276950100;
191;276950100;1417924439;
192;1417924439;276950101;
193;276950101;3139856574;
194;3139856574;276950102;
195;276950102;276950103;
196;276950103;276950104;
197;276950104;276950105;
198;276950105;276950107;
199;276950107;4051334230;
200;4051334230;276950108;
201;276950108;276950109;
202;276950109;276950110;
203;276950110;276950112;
204;276950112;276950113;
205;276950113;3139856556;
206;3139856556;276950115;
207;276950115;4051334055;
208;4051334055;4051230462;
209;4051230462;276950116;
210;276950116;3142516415;
211;3142516415;276950117;
212;276950117;4051230449;
213;4051230449;3142516333;
214;3142516333;276950118;
215;276950118;4051334012;
216;4051334012;1344114429;
217;1344114429;276950119;
218;276950119;276950120;
219;276950120;276950121;
220;276950121;276950122;
221;276950122;4134228058;
222;4134228058;4052054260;
223;4052054260;276950123;
224;276950123;4052054215;
225;4052054215;276950124;
226;276950124;276950126;
227;276950126;276950127;
228;276950127;276950129;
229;276950129;276950130;
230;276950130;276950131;
231;276950131;276950132;
232;276950132;4052054087;
233;4052054087;4052100719;
234;4052100719;276950134;
235;276950134;276950135;
236;276950135;276950136;
237;276950136;276950137;
238;276950137;276950138;
239;276950138;276950140;
240;276950140;276950141;
241;276950141;276950143;
242;276950143;276950144;
243;276950144;276950146;
244;276950146;276950148;
245;276950148;276950153;
246;276950153;276950155;
247;276950155;276950157;
248;276950157;276950161;
249;276950161;276950163;
250;276950163;276950165;
251;276950165;276950167;
252;276950167;276950540;
253;276950540;276950541;
254;276950541;276950543;
255;276950543;276950544;
256;276950544;276950545;
257;276950545;276950546;
258;276950546;276950547;
259;276950547;276950548;
260;276950548;276950549;
261;276950549;276950550;
262;276950550;276950551;
263;276950551;276950552;
264;276950552;276950553;
265;276950553;276950554;
266;276950554;276950556;
267;276950556;276950557;
268;276950557;276950559;
269;276950559;276950560;
270;276950560;276950561;
271;276950561;276950562;
272;276950562;276950564;
273;276950564;276950565;
274;276950565;276950566;
275;276950566;276950568;
276;276950568;276950569;
277;276950569;276950570;
278;276950570;276950571;
279;276950571;276950572;
280;276950572;276950573;
281;276950573;276950575;
282;276950575;276950578;
283;276950578;276950581;
284;276950581;276950583;
285;276950583;276950584;
286;276950584;276950585;
287;276950585;276950586;
288;276950586;276950588;
289;276950588;276950589;
290;276950589;276950591;
291;276950591;276950594;
292;276950594;276950595;
293;276950595;276950597;
294;276950597;276950598;
295;276950598;276950600;
296;276950600;276950601;
297;276950601;276950602;
298;276950602;276950604;
299;276950604;276950607;
300;276950607;276950608;
301;276950608;276950609;
302;276950609;3639928204;
303;3639928204;276950611;
304;276950611;276950612;
305;276950612;276950613;
306;276950613;276950616;
307;276950616;1343767184;
308;504941449;504941454;
309;504941454;504941364;
310;1417925474;1417925480;
311;1417925480;1417925482;
312;1417925482;1417925487;
313;1417925487;1417925489;
314;1417925489;1417925495;
315;1417925495;1417925499;
316;1417925499;1417925513;
317;1417925513;1417925518;
318;1417925518;1417925524;
319;1417925329;1417925331;
320;1417925331;1417925342;
321;1417925342;1417925354;
322;1417925354;1417925363;
323;1417925363;1417925369;
324;1417925369;1417925377;
325;1417925377;1417925386;
326;1417925386;1417925423;
327;1417925423;1417925453;
328;1417925453;1417925454;
329;1417925454;1417925457;
330;1417925457;1417925459;
331;1417925459;1417925462;
332;1417925462;1417925470;
333;1417925470;1417925474;
334;1417925506;1417925501;
335;1417925501;1417925503;
336;1417925503;1417925505;
337;1417925505;1417925512;
338;1417925512;1417925511;
339;1417925511;1417925516;
340;1417925516;1417925510;
341;1417925510;1417925504;
342;1417925504;1417925502;
343;1417925502;1417925515;
344;1417925515;1417925519;
345;1417925519;1417925527;
346;1417925527;1417925525;
347;1417925525;1417925526;
348;1417925526;1417925524;
349;276949547;1417925276;
350;1417925276;1417925277;
351;1417925277;1417925282;
352;1417925282;1417925302;
353;1417925302;1417925318;
354;1417925318;1417925325;
355;1417925325;1417925319;
356;1417925319;1417925320;
357;1417925320;1417925334;
358;1417925334;1417925361;
359;1417925361;1417925366;
360;1417925366;1417925373;
361;1417925373;1417925379;
362;1417925379;1417925400;
363;1417925400;1417925433;
364;1417925433;1417925402;
365;1417925402;1417925408;
366;504941520;1417925634;
367;1417925634;1417925627;
368;1417925627;1417925630;
369;1417925630;1417925625;
370;1417925625;1417925624;
371;1417925624;1417925605;
372;1417925605;1417925601;
373;1417925601;1417925628;
374;1417925628;1417925635;
375;1417924954;1417924982;
376;1417924982;1417925041;
377;1417925041;1417925065;
378;1417925065;1417925122;
379;1417925122;1417925152;
380;1417925152;1417925162;
381;1417925162;1417925172;
382;1417925172;1417925191;
383;1417925191;1417925197;
384;1417925197;1417925224;
385;1417925224;1417925249;
386;1417925249;1417925253;
387;1417925253;1417925254;
388;1417925254;1417925264;
389;1417925264;1417925269;
390;1417925269;1417925274;
391;1417925274;1417925285;
392;1417925285;1417925292;
393;1417925601;1417925590;
394;1417925590;1417925557;
395;1417925557;1417925530;
396;276949535;1417925651;
397;1417925651;1417925642;
398;1417925642;1417925639;
399;1417925639;1417925635;
400;276949536;1417925649;
401;1417925649;1417925644;
402;1417925644;1417925645;
403;1417925645;4106690700;
404;4106690700;1417925665;
405;1417925665;1417925664;
406;1417925664;1417925658;
407;1417925658;2429913893;
408;2429913893;1417925604;
409;1417925604;2429913877;
410;2429913877;2429913874;
411;2429913874;1417925582;
412;1417925582;2429913869;
413;2429913869;1417925574;
414;1417925574;1417925572;
415;1417925572;1417925566;
416;1417925566;1417925522;
417;1417925522;1417925521;
418;1417925521;1417925520;
419;1417925520;1417925517;
420;1417925517;1417925514;
421;1417925514;1417925509;
422;1417925509;1417925500;
423;1417925500;1417925497;
424;1417925497;1417925485;
425;1417925485;1417925476;
426;1417925476;1417925449;
427;1417925449;1417925368;
428;1417925368;1417925321;
429;1417925321;1417925311;
430;1417925311;1417925309;
431;1417925309;1417925288;
432;1417925288;1417925270;
433;1417925270;1417925262;
434;1417925262;1417925243;
435;1417925243;1417925218;
436;1417925218;1417925188;
437;1417925188;1636471353;
438;1636471353;1417925183;
439;1417925183;1417925113;
440;1417925113;1636471092;
441;1636471092;1417925101;
442;1417925101;1417925091;
443;2429913962;2429913959;
444;2429913959;2429913956;
445;2429913956;2429913953;
446;2429913953;2429913949;
447;2429913949;2429913948;
448;2429913948;2429913946;
449;2429913946;2429913944;
450;2429913944;2429913941;
451;2429913941;2429913938;
452;2429913938;2429913935;
453;2429913935;2429913934;
454;2429913757;2429913780;
455;2429913728;2429913724;
456;2429913724;2429913726;
457;2429913726;2429913731;
458;2429913731;2429913734;
459;2429913734;2429913737;
460;2429913737;2429913738;
461;2429913898;1417925635;
462;2429913796;2429913794;
463;2429913794;2429913791;
464;2429913791;2429913789;
465;2429913789;2429913786;
466;2429913786;2429913785;
467;2429913785;2429913776;
468;2429913776;2429913768;
469;2429913768;2429913765;
470;2429913765;2429913760;
471;2429913760;2429913758;
472;2429913758;2429913759;
473;2429913759;2429913761;
474;2429913761;2429913764;
475;2429913764;2429913763;
476;2429913763;2429913757;
477;2429913757;2429913756;
478;2429913756;2429913752;
479;2429913752;2429913754;
480;2429913754;2429913766;
481;2429913766;276949545;
482;2429913800;2429913804;
483;2429913804;2429913807;
484;2429913807;2429913810;
485;2429913810;2429913809;
486;2429913809;2429913803;
487;2429913803;2429913805;
488;2429913805;2429913808;
489;2429913808;2429913816;
490;2429913816;2429913815;
491;2429913815;2429913814;
492;2429913814;2429913813;
493;2429913813;2429913812;
494;2429913812;2429913811;
495;2429913811;2429913801;
496;2429913801;2429913802;
497;2429913802;2429913806;
498;2429913806;2429913817;
499;2429913817;2429913819;
500;2429913819;2429913823;
501;2429913823;2429913826;
502;2429913826;2429913828;
503;2429913828;2429913832;
504;2429913832;2429913857;
505;2429913857;2429913874;
506;2429913945;2429913947;
507;2429913947;2429913951;
508;2429913951;2429913952;
509;504941642;2429913908;
510;2429913908;2429913904;
511;2429913904;2429913896;
512;2429913896;2429913864;
513;2429913864;3831196841;
514;3831196841;2429913852;
515;2429913852;3831196842;
516;3831196842;2429913820;
517;2429913820;2429913799;
518;2429913799;3831196847;
519;3831196847;2429913792;
520;2429913792;2429913788;
521;2429913788;2429913784;
522;2429913784;2429913779;
523;2429913779;2429913770;
524;2429913770;2429913750;
525;2429913750;2429913742;
526;2429913742;2429913727;
527;2429913727;2429913723;
528;2429913723;2429913720;
529;2429913720;2429913719;
530;2429913719;2429913716;
531;2429913716;2429913715;
532;2429913715;2429913714;
533;2429913714;2429913713;
534;2429913713;2429913712;
535;2429913712;2429913707;
536;2429913707;2429913706;
537;2429913706;2429913701;
538;2429913701;2429913697;
539;2429913697;2429913692;
540;2429913692;2429913689;
541;2429913689;2429913686;
542;2429913686;2429913684;
543;2429913684;2429913681;
544;2429913681;2429913680;
545;2429913680;2429913678;
546;3589629117;3596202568;
547;3596202568;3596202569;
548;3596202569;3596202570;
549;3596202570;3596202571;
550;3596202571;3596202572;
551;3596202572;3596202573;
552;3596202573;3596202574;
553;3596202574;3596202575;
554;3596202575;3596202576;
555;3596202576;3596202577;
556;3596202577;3596202578;
557;3596202578;3596202579;
558;3596202579;3596202580;
559;3596202580;3596202581;
560;3596202581;3596202582;
561;3596202582;3596202583;
562;3596202583;3596202584;
563;3596202584;3596202585;
564;3596202585;3596202586;
565;3596202586;3596202587;
566;3596202587;3596202588;
567;3596202588;3596202589;
568;3596202589;3596202590;
569;3596202590;3596202591;
570;3596202591;3596202592;
571;3596202592;3596203193;
572;3596203193;3596203194;
573;3596203194;3596203195;
574;3596203195;3596203196;
575;666948451;4134109794;
576;4134109794;4134109795;
577;4134109795;4134109796;
578;4134109796;4134109797;
579;4134109797;4134109798;
580;4134109798;4134109799;
581;4134109799;504947701;
582;4134109795;4134116302;
583;4134116302;4134116303;
584;4134116303;4134116304;
585;4134116304;4134116305;
586;4134116305;4134126496;
587;4134126496;4134116306;
588;4134116306;504947695;
589;4134126496;4134126497;
590;4134126497;4134126498;
591;4134126498;4134126499;
592;4134126499;4134126500;
593;4134126500;4134126501;
594;4134126501;4134126502;
595;4134126502;4134126503;
596;4134126503;4134126504;
597;4134126504;4134126505;
598;4134126505;4134126506;
599;4134126506;4134126507;
600;4134126507;4134126508;
601;4134126508;4134126509;
602;4134126509;4134126510;
603;4134126510;4134126511;
604;4134126511;4134126512;
605;4134126512;4134126513;
606;4134126513;4134126514;
607;4134126514;4134126515;
608;4134126515;4134126516;
609;4134126516;4134126517;
610;4134126517;4134126518;
611;4134126518;4134126519;
612;4134126519;4134126520;
613;4134126520;4134126521;
614;4134126521;4134126522;
615;4134126522;4134126523;
616;4134126523;4134126524;
617;4134126524;4134126525;
618;4134126525;4134126526;
619;4134126526;4134126527;
620;4134126527;4134126528;
621;4134126528;4134126529;
622;4134126529;4134126530;
623;4134126530;4134126531;
624;4134126531;4134126532;
625;4134126532;4134126533;
626;4134126533;4134126534;
627;4134126534;4134126535;
628;4134126535;4134126536;
629;4134126536;4134126537;
630;4134126537;4134126538;
631;4134126538;4134126539;
632;4134126539;4134126540;
633;4134126540;4134126541;
634;4134126541;4134126542;
635;4134126542;4134126543;
636;4134126543;4134126544;
637;276949543;276949542;